image: playground.pgm
resolution: 0.020000
origin: [-14.440000, -13.160000, 0.000000]
negate: 0
occupied_thresh: 0.65
free_thresh: 0.196

